0 -44.2236 -44.2236 -44.2236 158.044 -36.5221 27 68 46.552
1 -43.8871 -44.2236 -44.2236 213.832 -35.7521 24 83 48.752
2 -41.3109 -44.2236 -44.2236 157.143 -35.7716 23 74 49.652
3 -43.9952 -44.2236 -44.2236 228.641 -34.8371 34 81 50.952
4 -43.9991 -44.2236 -44.2236 211.746 -21.9477 32 72 47.152
5 -44.0072 -44.2236 -44.2236 186.497 -35.4782 32 75 48.93
6 -43.7724 -44.2236 -44.2236 182.575 -27.8658 33 146 56.852
7 -43.8963 -44.2236 -44.2236 177.418 -36.1138 32 69 49.552
8 -40.9861 -44.2236 -44.2236 178.625 -29.8263 20 94 53.152
9 -43.6621 -44.2236 -44.2236 151.193 -36.4599 21 115 47.52
10 -41.0606 -44.2236 -44.2236 146.516 -36.2976 28 79 51.553
11 -41.7417 -44.2236 -44.2236 150.67 -31.7138 24 98 52.32
12 -43.8483 -44.2236 -44.2236 191.912 -25.6395 23 116 52.352
13 -43.919 -44.2236 -44.2236 164.439 -19.6804 24 99 49.552
14 -44.004 -44.2236 -44.2236 143.583 -33.8774 29 80 49.22
15 -43.0658 -44.2236 -44.2236 159.705 -33.8764 24 65 44.63
16 -43.9913 -44.2236 -44.2236 130.393 -37.8278 29 103 46.252
17 -43.905 -44.2236 -44.2236 78.3803 -36.9724 15 98 462
18 -43.8124 -44.2236 -44.2236 161.302 -24.2559 33 84 50.22
19 -43.9012 -44.2236 -44.2236 96.1472 -34.2683 19 120 46.552
20 -43.8216 -44.2236 -44.2236 82.4305 -37.8926 19 58 37.753
21 -43.7557 -44.2236 -44.2236 73.1348 -30.3595 23 94 42.252
22 -43.9065 -44.2236 -44.2236 21.7857 -39.1744 23 80 38.552
23 -44.2478 -44.2478 -44.2478 18.3403 -37.8381 19 173 41.252
24 -44.0023 -44.0023 -44.2478 232.755 -20.0205 18 133 58.952
25 -41.6107 -44.0023 -44.2478 178.766 -27.6666 27 113 53.92
26 -43.9757 -44.0023 -44.2478 209.176 -27.7312 33 66 48.852
27 -43.824 -44.0023 -44.2478 180.271 -34.4683 31 71 46.93
28 -43.4858 -44.0023 -44.2478 178.223 -24.8513 24 108 54.72
29 -41.6667 -44.0023 -44.2478 197.708 -30.9866 29 91 51.42
30 -44.049 -44.049 -44.2478 157.643 -32.7405 24 84 50.752
31 -43.3512 -44.049 -44.2478 209.842 -30.4112 31 87 52.552
32 -43.4113 -44.049 -44.2478 108.507 -27.3885 21 78 48.853
33 -43.7807 -44.049 -44.2478 150.832 -36.8102 17 71 47.952
34 -44.0158 -44.049 -44.2478 164.086 -25.4551 25 69 43.72
35 -43.7906 -44.049 -44.2478 148.035 -32.9734 24 117 50.52
36 -41.6566 -44.049 -44.2478 158.324 -28.6754 28 86 48.32
37 -44.1295 -44.1295 -44.2478 126.528 -38.4366 23 79 48.353
38 -41.8059 -44.1295 -44.2478 91.9519 -31.3949 21 76 48.32
39 -43.8832 -44.1295 -44.2478 130.525 -30.8839 27 112 49.92
40 -43.598 -44.1295 -44.2478 81.932 -29.4544 29 64 43.12
41 -43.8233 -44.1295 -44.2478 86.2422 -37.9433 20 80 41.92
42 -44.1291 -44.1295 -44.2478 67.3309 -30.5467 17 51 36.13
43 -43.8876 -44.1295 -44.2478 56.3826 -38.5547 19 73 36.552
44 -43.8988 -44.1295 -44.2478 48.7405 -39.355 15 117 41.252
45 -44.0675 -44.1295 -44.2478 -1.90313 -40.616 30 45 34.652
46 -44.1113 -44.1295 -44.2478 47.8196 -38.7404 23 81 42.752
47 -44.0836 -44.1295 -44.2478 72.2908 -35.6343 23 129 41.92
48 -44.2459 -44.2459 -44.2478 -4.82951 -40.1425 23 46 34.62
49 -44.0211 -44.2459 -44.2478 16.6487 -39.6001 28 62 412
50 -44.0442 -44.2459 -44.2478 -20.6804 -40.3899 16 44 32.72
51 -43.8548 -43.8548 -44.2478 164.286 -25.6871 28 71 47.44
52 -43.6234 -43.8548 -44.2478 176.825 -30.8504 29 102 52.52
53 -42.1908 -43.8548 -44.2478 183.794 -29.0194 24 82 48.42
54 -43.0169 -43.8548 -44.2478 192.403 -30.1357 20 93 52.12
55 -41.7682 -43.8548 -44.2478 157.27 -35.2311 26 80 44.952
56 -43.825 -43.8548 -44.2478 199.181 -6.27721 29 103 52.952
57 -43.5655 -43.8548 -44.2478 181.472 -18.9932 34 133 52.12
58 -43.8772 -43.8772 -44.2478 137.886 -32.1083 25 102 52.252
59 -41.763 -43.8772 -44.2478 151.329 -28.3533 27 66 47.552
60 -43.9162 -43.9162 -44.2478 165.384 -31.1356 30 67 46.752
61 -43.9012 -43.9162 -44.2478 173.097 -27.2762 23 80 40.42
62 -43.8586 -43.9162 -44.2478 133.053 -36.7102 24 74 45.152
63 -43.8236 -43.9162 -44.2478 138.556 -37.6898 26 100 492
64 -43.6839 -43.9162 -44.2478 124.249 -37.4552 25 75 46.12
65 -43.734 -43.9162 -44.2478 109.638 -37.9334 16 63 42.42
66 -43.4272 -43.9162 -44.2478 101.351 -32.7309 21 90 42.852
67 -43.8946 -43.9162 -44.2478 81.0991 -36.4653 20 70 38.053
68 -44.0054 -44.0054 -44.2478 48.4972 -37.7446 17 80 39.72
69 -43.905 -44.0054 -44.2478 47.5386 -38.6941 19 52 35.452
70 -43.7856 -44.0054 -44.2478 68.7253 -38.2587 19 73 32.952
71 -43.7945 -44.0054 -44.2478 75.4521 -40.1317 24 66 39.052
72 -40.9397 -40.9397 -44.2478 205.013 -34.6311 23 88 51.42
73 -41.8516 -41.8516 -44.2478 228.369 -35.1963 26 79 51.252
74 -44.2606 -44.2606 -44.2606 198.452 -30.34 27 108 54.752
75 -44.0875 -44.2606 -44.2606 217.535 -24.1308 22 158 62.852
76 -43.7869 -44.2606 -44.2606 185.234 -31.5718 30 117 49.352
77 -43.7379 -44.2606 -44.2606 183.775 -19.0848 32 113 58.62
78 -41.8868 -44.2606 -44.2606 180.689 -25.5427 29 90 50.92
79 -41.8113 -44.2606 -44.2606 204.549 -31.0599 18 175 51.952
80 -43.9106 -44.2606 -44.2606 185.619 -35.6116 24 89 47.252
